$ 1 0.000005 173.42552219524063 47 7 50
w 112 192 112 224 0
c 112 224 112 288 0 0.000001 1.3721148750231387
g 112 288 112 304 0
r 112 192 112 128 0 20000
w 112 64 240 64 0
R 112 -32 80 -32 0 0 40 5 0 0 0.5
O 432 160 496 160 0
165 176 96 192 96 2 4.984221966055446
w 240 64 304 64 0
w 304 64 304 128 0
w 352 160 304 160 0
162 432 176 432 224 2 default-led 1 0 0 0.01
w 432 176 432 160 0
w 352 160 432 160 0
w 112 64 112 -32 0
w 432 288 432 320 0
r 432 288 432 224 0 200
r 112 128 112 64 0 10000000
w 176 192 144 192 0
w 144 192 144 224 0
w 176 224 144 224 0
w 144 224 112 224 0
w 176 128 112 128 0
g 432 320 432 336 0
o 1 512 0 4099 2.5 0.00009765625 0 2 1 3
o 6 1024 0 4106 10 0.00009765625 1 1
